Epoches:4 {'Smeasure': 0.7720400043155207, 'wFmeasure': 0.49796988911740575, 'MAE': 0.06647937022640947, 'adpEm': 0.8250209198185007, 'meanEm': 0.8293416590517876, 'maxEm': 0.8871515218848154, 'adpFm': 0.6394245677262701, 'meanFm': 0.6589171372337256, 'maxFm': 0.7273571561286417}
Epoches:4 {'Smeasure': 0.8023518302293433, 'wFmeasure': 0.5931275830581392, 'MAE': 0.054276563411709715, 'adpEm': 0.8381379563862081, 'meanEm': 0.8474141084639878, 'maxEm': 0.8962078898244444, 'adpFm': 0.6537192558173567, 'meanFm': 0.6809305115840681, 'maxFm': 0.7422555291996958}